050048047048054047050048049055032055058048056058048053032080077032032065032065032
050048047048054047050048049055032055058048056058048054032080077032065032065032065032
050048047048054047050048049055032055058049052058048053032080077032086084089091098097099107093091098097099107093091098097099107093086089078071085089069078049051054065086089078071085089069078049051053050048057053052048049054056055052052052068065086065078069050055048050083065079032072032076065077070091098097099107093050091098097099107093091098097099107093032
050048047048054047050048049055032055058049053058051048032080077032077069079070032079072068068067078072073078070032091098097099107093091098097099107093050091098097099107093091098097099107093032
050048047048054047050048049055032055058049053058051052032080077032083091098097099107093088065032076065050091098097099107093032078065084049091098097099107093091098097099107093032
050048047048054047050048049055032055058049054058052053032080077032067079078032077065084056091098097099107093091098097099107093049091098097099107093091098097099107093068069054091098097099107093052091098097099107093032084072085079078071055091098097099107093091098097099107093091098097099107093091098097099107093032
050048047048054047050048049055032055058050052058052051032080077032048084073077070032091098097099107093091098097099107093050091098097099107093091098097099107093032072073069085054091098097099107093091098097099107093050051091098097099107093091098097099107093091098097099107093091098097099107093032
050048047048054047050048049055032055058050055058048056032080077032065073032065089074091098097099107093054091098097099107093091098097099107093053091098097099107093091098097099107093071075069091098097099107093084065032067079078049091098097099107093091098097099107093032
050048047048054047050048049055032055058051048058049056032080077032088079071032082032065072068091098097099107093068065078072057091098097099107093091098097099107093091098097099107093091098097099107093049091098097099107093091098097099107093091098097099107093032
050048047048054047050048049055032055058051049058049054032080077032076081032075079086051032051091098097099107093091098097099107093091098097099107093091098097099107093091098097099107093051086051032
050048047048054047050048049055032055058051049058050049032080077032078072065065032067072079073032051071032
050048047048054047050048049055032055058051049058052052032080077032053086053086091098097099107093032072079078071032078079079073082091098097099107093091098097099107093091098097099107093079091098097099107093073054091098097099107093091098097099107093051052091098097099107093091098097099107093091098097099107093091098097099107093084074069077054091098097099107093091098097099107093091098097099107093091098097099107093091098097099107093084072069077054091098097099107093091098097099107093032
050048047048054047050048049055032055058051049058053049032080077032049032091098097099107093091098097099107093091098097099107093091098097099107093091098097099107093091098097099107093091098097099107093091098097099107093091098097099107093091098097099107093091098097099107093091098097099107093091098097099107093091098097099107093091098097099107093091098097099107093091098097099107093091098097099107093091098097099107093091098097099107093091098097099107093091098097099107093066069078054091098097099107093091098097099107093032065032
050048047048054047050048049055032055058051049058053053032080077032091098097099107093076065071032068057091098097099107093085078071055091098097099107093091098097099107093091098097099107093050091098097099107093091098097099107093091098097099107093032067072085073055091098097099107093091098097099107093052091098097099107093091098097099107093032
050048047048054047050048049055032055058051051058050056032080077032078072065079075085075068057091098097099107093069054091098097099107093051091098097099107093032065032079073079091098097099107093091098097099107093032
050048047048054047050048049055032055058051057058053050032080077032067065073049091098097099107093091098097099107093091083093066073078072091098097099107093091083093066073078072077079073055091098097099107093091098097099107093050091098097099107093091098097099107093032073075086065089054091098097099107093091098097099107093053091098097099107093091098097099107093032065032
050048047048054047050048049055032055058052049058051052032080077032068079073057091098097099107093091098097099107093091098097099107093055091098097099107093091098097099107093053091098097099107093091098097099107093068065086065078069050055048050091098097099107093076069078054091098097099107093091098097099107093032068057091098097099107093079054091098097099107093050091098097099107093032086069067072085078071055091098097099107093091098097099107093091098097099107093050091098097099107093091098097099107093091098097099107093032
050048047048054047050048049055032055058052049058051055032080077032078065079050091098097099107093091098097099107093032088079071032075069085054091098097099107093091098097099107093032
050048047048054047050048049055032055058052049058052050032080077032065032065032068057091098097099107093065072049091098097099107093091098097099107093078072049091098097099107093091098097099107093091098097099107093032
050048047048054047050048049055032055058052049058052054032080077032068067032091098097099107093057032084079073055091098097099107093091098097099107093049091098097099107093091098097099107093032
050048047048054047050048049055032055058052049058052057032080077032057032072032068068057091098097099107093065091098097099107093091098097099107093091098097099107093091098097099107093032
050048047048054047050048049055032055058052054058048055032080077032068057091098097099107093079049091098097099107093091098097099107093065032068057091098097099107093065078072049091098097099107093091098097099107093091098097099107093032084082086091098097099107093067032
050048047048054047050048049055032055058052055058048055032080077032078072065065032068057091098097099107093065078072049091098097099107093091098097099107093091098097099107093032086068032
050048047048054047050048049055032055058052055058049053032080077032091098097099107093091098097099107093083032077065089054091098097099107093091098097099107093049091098097099107093091098097099107093032065078072032
050048047048054047050048049055032055058052055058050050032080077032067089072073091098097099107093091098097099107093091098097099107093072073053091098097099107093032084082069078054091098097099107093091098097099107093032091083093085066032
050048047048054047050048049055032055058052056058049048032080077032078072065091098097099107093091098097099107093091098097099107093091098097099107093091098097099107093091098097099107093091098097099107093091098097099107093091098097099107093091098097099107093091098097099107093091098097099107093091098097099107093091098097099107093091098097099107093091098097099107093091098097099107093091098097099107093091098097099107093091098097099107093091098097099107093066079054091098097099107093051091098097099107093032067072091098097099107093091098097099107093084082079055091098097099107093053091098097099107093032067085065051091098097099107093091098097099107093032
